CONN 904  88 6230 13.1 1.258 16 51 04 08 05 49451 52 0
DELA 894  68 5017 16.4 1.032 16 53 04 14 02 45833 47 0
FLOR 882  52 4092 17.1 0.973 21 54 04 13 15 38024 50 1
GEOR 844  65 3434 18.5 0.941 17 54 03 25 01 38789 45 1
HAWA 879  56 3919 21.1 1.400 17 54 67 02 03 42613 46 0
INDI 869  61 3794 17.8 0.929 19 53 02 07 02 39860 39 0
MAIN 885  69 4258 14.6 0.920 19 54 02 00 00 35372 42 0
MARY 909  66 5201 16.8 1.108 18 53 08 23 02 48779 55 0
MASS 903  81 5471 13.7 1.218 16 51 05 05 03 41925 50 0
NEWH 929  78 4457 16.2 1.079 19 53 03 01 01 43032 52 0
NEWJ 892  76 6564 13.6 1.258 16 52 08 11 08 46788 49 0
NEWY 887  74 7151 14.9 1.132 17 53 07 12 09 39134 43 0
NCAR 859  60 3368 17.5 0.936 21 55 02 22 01 38072 43 1
OREG 933  56 4789 18.4 0.942 25 53 06 02 03 38941 54 0
PENN 878  70 4989 15.9 1.013 17 53 03 07 01 38011 42 0
RHOD 883  71 5329 14.6 1.068 17 53 04 05 04 39073 48 0
SCAR 838  61 3408 17.2 0.926 20 55 02 29 01 35684 39 1
VERM 893  68 5207 13.6 0.939 21 52 02 01 00 37623 46 0
VIRG 894  63 4149 16.1 0.971 18 53 07 16 02 45036 53 1
WASH 921  52 4164 20.4 0.970 23 53 10 03 03 43691 56 0
ALAB 1006 09 2718 18.7 0.919 38 54 04 16 01 51207 73 1
ALAS 915  42 7971 17.0 1.400 25 53 07 03 03 50841 51 0
ARIZ 941  28 3744 18.2 1.008 28 52 05 04 13 44546 58 0
ARKA 997  06 2989 15.7 0.909 45 51 03 10 01 45026 65 1
CALI 899  47 3840 22.7 1.059 21 53 23 07 18 40906 51 0
COLO 963  28 4462 17.8 0.998 28 53 05 04 06 48270 69 0
IDAH 972  18 2667 20.6 0.913 32 52 03 01 03 40256 61 0
ILLI 1016 15 4369 17.1 0.974 31 50 11 08 03 57048 71 0
IOWA 1103 05 4124 15.8 0.936 48 52 06 01 01 52759 75 0
KANS 1042 09 4076 15.2 0.917 39 52 06 05 03 54559 77 0
KENT 998  11 3011 17.8 0.921 40 53 04 06 01 50493 66 1
LOUI 1008 09 3138 18.2 0.934 35 53 06 14 03 48096 69 1
MICH 997  11 4692 19.8 0.954 34 52 07 16 02 56272 70 0
MINN 1045 10 4386 17.0 0.956 36 50 05 03 02 57530 73 0
MISI 1002 04 2548 18.4 0.903 48 53 04 18 01 43423 69 1
MISO 1013 11 3786 15.9 0.929 33 49 06 10 02 53944 73 0
MONT 975  24 4246 15.8 0.911 33 54 02 00 01 36674 57 0
NEBR 1023 10 3943 15.0 0.929 38 52 03 05 01 44940 67 0
NEVA 920  28 3623 20.3 0.981 28 52 09 05 06 43536 51 0
NEWM 1003 11 3691 18.5 0.929 37 52 05 04 21 43879 70 0
NDAK 1101 06 3519 15.4 0.922 51 54 04 01 01 45278 68 0
OHIO 959  22 3998 17.6 0.958 28 52 04 09 01 48346 59 0
OKLA 1012 09 3093 16.5 0.925 41 50 06 05 02 47354 70 1
SDAK 1060 06 3249 15.4 0.916 46 54 04 01 02 41000 65 0
TENN 1017 13 3068 19.3 0.931 33 53 04 08 01 53788 72 1
TEXA 885  45 3608 17.3 0.941 22 53 05 11 20 39100 49 1
UTAH 1049 04 2454 24.5 0.929 43 51 07 01 03 49929 77 0
WVIR 924  17 3858 15.1 0.919 35 54 03 04 01 40127 52 0
WISC 1036 10 4747 16.0 0.954 39 50 04 04 02 52605 68 0
WYOM 970  13 5051 14.6 0.934 36 55 02 01 04 41171 60 0
DCOL 846  76 6132 13.3 1.210 17 53 04 61 05 35956 53 0